0,556
372,3
372,2
372,1
372,0
371,3
371,2
371,1
371,0
370,3
370,2
370,1
370,0
369,3
369,2
369,1
369,0
368,3
368,2
368,1
368,0
367,4
367,3
367,2
367,1
367,0
366,4
366,3
366,2
366,1
366,0
365,3
365,2
365,1
365,0
0,555
364,3
364,2
364,1
364,0
363,3
363,2
363,1
363,0
362,3
362,2
362,1
362,0
361,3
361,2
361,1
361,0
360,3
360,2
360,1
360,0
0,554
359,4
359,3
359,2
359,1
359,0
358,4
358,3
358,2
358,1
358,0
357,3
357,2
357,1
357,0
356,3
356,2
356,1
356,0
355,3
355,2
355,1
355,0
354,3
354,2
354,1
354,0
353,3
353,2
353,1
353,0
352,3
352,2
352,1
352,0
351,4
351,3
351,2
351,1
351,0
350,4
350,3
350,2
350,1
350,0
349,3
349,2
349,1
349,0
0,553
348,3
348,2
348,1
348,0
347,3
347,2
347,1
347,0
346,3
346,2
346,1
346,0
345,3
345,2
345,1
345,0
344,3
344,2
344,1
344,0
343,4
343,3
343,2
343,1
343,0
342,4
342,3
342,2
342,1
342,0
341,3
341,2
341,1
341,0
0,552
0,551
0,550
340,3
340,2
340,1
340,0
339,3
339,2
339,1
339,0
338,3
338,2
338,1
338,0
337,3
337,2
337,1
337,0
336,3
336,2
336,1
336,0
335,4
335,3
335,2
335,1
335,0
334,4
334,3
334,2
334,1
334,0
333,3
333,2
333,1
333,0
0,549
0,548
0,547
332,3
332,2
332,1
332,0
331,3
331,2
331,1
331,0
330,3
330,2
330,1
330,0
329,3
329,2
329,1
329,0
328,3
328,2
328,1
328,0
327,4
327,3
327,2
327,1
327,0
326,4
326,3
326,2
326,1
326,0
325,3
325,2
325,1
325,0
0,546
324,3
324,2
324,1
324,0
323,3
323,2
323,1
323,0
322,3
322,2
322,1
322,0
321,3
321,2
321,1
321,0
320,3
320,2
320,1
320,0
319,4
319,3
319,2
319,1
319,0
318,4
318,3
318,2
318,1
318,0
317,3
317,2
317,1
317,0
316,3
316,2
316,1
316,0
315,3
315,2
315,1
315,0
314,3
314,2
314,1
314,0
313,3
313,2
313,1
313,0
312,3
312,2
312,1
312,0
0,545
311,4
311,3
311,2
311,1
311,0
310,4
310,3
310,2
310,1
310,0
309,3
309,2
309,1
309,0
0,544
0,543
0,542
0,541
308,3
308,2
308,1
308,0
307,3
307,2
